2 5
5 430885016346
4 706947456628
6 560748672743
8 551682935431
2 460625430090
2 830635402443
6 603160993775
3 777082010811
3 265835020074
5 376401730592
4 320607295872
6 565063142677
4 454048068830
6 32938671141
5 685800303513
4 629068446796
2 343050020777
9 941331184977
7 374159577183
6 102514055251
9 217990278168
4 971727152044
2 389956398248
3 298769495446
9 478745863288
7 822056822050
4 5672689902
7 793537853488
7 332231389063
6 320759781865
7 619272897311
9 584082849960
6 976645596913
5 627728207601
2 460185007157
5 275897138183
5 444203044681
5 876928969621
9 771241866740
6 488405720116