10011011001;0110,1001,1001,0,10,11
10100101101110011000;10,111,00,10,010,00
1011001010110001001010011001000011110101101101111110101101011010101000100;00110,110000,0101,10,10,010110,10,00010,10111,11100
1010100011000001010001110100111101101111010011010011000010000111000001000;1111,011,0110,01,1001,00000,01,01110,11,110111
00001100101011001111010100000111000000100100001101001001110001101001;0001,0000,1100,10000,011,00000
111010110100001010111000100011100101111110010100100000011000100100000100;11110,111111,001,101101,1001,001,0101,011,01,110011
1000010001110110001011001111011100000010001111000011010101110000110000001010;01011,01,1001,11000,10010,11,10,010,01,0101
1100010011010010001010111011001100100110101011010111100000000101111000101010001;000,00,11100,01,000,11110,000,10111,00111,001001
1110011000101000001001111010101010000001100001101001001011011010010;001,101111,00000,1100,11101,00011,01,00100,100001,010
101100101000111010100111101011000001010001110011010111100011110001110;111001,000110,0001,110110,11000,10
11100001000100110110011011000110101101101111000011011110100001111001101000000000;10,10,0111,0010,100,11101,01,011110,000000,0010
001110010111010111001101111000001111000110001111110001101000011000;111110,10,110101,00001,0111,00
110000011001110001010111111001001010101101000111110001111001110110000110011001;01100,101,001111,101110,01,11010,1111,11,00,00000
1010101011101101001101010101110000011000100101101010011000110011110101100010;001,110001,100010,110100,1010,01,0101,10,110101,00101
0011010110010000011000001011000101111111111000100111000000110110110000;1010,00,0010,0111,100110,001,011110,001,011100,00001
100001101101101010111010000001111111001101111001001100110010001110001110001111;10,110101,10111,11,111010,10010,101,10110,00100,01
1000010010110000000100010000000100101011101101101101011000011100011101100;10100,111001,00111,1110,100,01,00,011,0010,1011
00101100111000010000001111001001011011010001111000100100011101011;01,0100,1000,00111,100000,0011,110110,000,01,11
111100011101100100011011111110101001100101000110000001111100010101101110111001;010,000000,000011,01,101,11010
00111011110100011000110010000010011000010110001011101110001011011111110;1001,00101,001,00110,111010,11,11,011001
1101000110010001101111010101100011010110011010010100111101110010111000011010;0100,000100,001,01110,111110,1111,111111,00100
01111110001010000110011001000111101101110000100000010110110010011111110110100001;100110,110011,00,001,010000,00,101,01,10,111