0 0 1 5
12 13 12 13
0 1 0 5
8409 3729 8409 -1750
7665 6045 9067 -4839
5013 -1454 5013 -1454
-9527 6703 -9527 6703
6692 -1779 6692 -1779
9512 6731 9512 6731
-8076 2503 516 2503
7428 -8133 7428 -7183
-3215 -5747 -3215 -4473
-853 5385 2865 5385
-791 -2957 -791 -2957
-8677 8904 -8677 -1151
-1485 754 5930 -5011
-4208 -2155 -4208 -2155
2847 -4891 4168 -4891
-8635 5314 -8635 -528
9895 7631 9895 7631
-1898 -6535 -7450 -6535
4978 9545 -2393 1047
-1917 4502 -9996 4502
-3499 7732 -3499 7732
7602 -3088 -6678 -2891
-9275 -5690 9372 -9840
-9089 569 -9089 569
4424 2064 4424 9742
-8061 -6426 -4308 4030
-6064 6624 -6064 -6344
4343 2182 4343 -565
9423 3055 9423 6490
-9202 6884 -9202 6884
9240 5903 9240 8527
-4089 804 -4683 3865
-6165 -4699 -6165 -2251
-9375 -7096 -9375 -7096
3965 5590 3965 -4741
-1275 5309 -1275 5309
6691 -1532 -2740 -1532
-6501 -5169 -9964 2610
-7958 4940 -7958 4940
4014 4539 -5857 4539